┌──(kali㉿kali)-[~]
└─$  nc ctf.mf.grsu.by 9025

Cryptosystem parameters :

Finite field GF(3547)
Elliptic Curve E3547(1801, 461)
Base point P=(1688, 2431)

kP=(2742, 1260)
cipher=[(1236, 321), (1648, 1002), (1227, 2262), (1853, 255), (478, 2307), (452, 3268), (1853, 255), (1036, 3261), (452, 3268), (2085, 488), (71, 2560), (1036, 3261), (1236, 321), (789, 732), (2978, 663), (2299, 1853), (3156, 3304), (3278, 3404), (3203, 1828), (1741, 1416), (1236, 321), (789, 732), (3278, 3404), (2085, 488), (452, 3268), (1236, 321), (1236, 321), (71, 2560), (1741, 1416), (3203, 1828), (3156, 3304), (1227, 2262), (1236, 321), (71, 2560), (1236, 321), (2085, 488), (1853, 255), (1853, 255), (1227, 2262), (3203, 1828), (3278, 3404)]
                                                                               
┌──(kali㉿kali)-[~]
└─$ 
